%Mat Object: Mat_0x84000000_0 1 MPI processes
%  type: seqbaij
  %  Mat Object: Mat_0x84000000_0 1 MPI processes
  %    type: seqaij
% Size = 18 18 
% Nonzeros = 324 
zzz = zeros(324,3);
zzz = [
1 1  1.0000000000000000e+00
1 2  0.0000000000000000e+00
1 3  0.0000000000000000e+00
1 4  0.0000000000000000e+00
1 5  0.0000000000000000e+00
1 6  0.0000000000000000e+00
1 7  0.0000000000000000e+00
1 8  0.0000000000000000e+00
1 9  0.0000000000000000e+00
1 10  0.0000000000000000e+00
1 11  0.0000000000000000e+00
1 12  0.0000000000000000e+00
1 13  0.0000000000000000e+00
1 14  0.0000000000000000e+00
1 15  0.0000000000000000e+00
1 16  0.0000000000000000e+00
1 17  0.0000000000000000e+00
1 18  0.0000000000000000e+00
2 1  0.0000000000000000e+00
2 2  1.0000000000000000e+00
2 3  0.0000000000000000e+00
2 4  0.0000000000000000e+00
2 5  0.0000000000000000e+00
2 6  0.0000000000000000e+00
2 7  0.0000000000000000e+00
2 8  0.0000000000000000e+00
2 9  0.0000000000000000e+00
2 10  0.0000000000000000e+00
2 11  0.0000000000000000e+00
2 12  0.0000000000000000e+00
2 13  0.0000000000000000e+00
2 14  0.0000000000000000e+00
2 15  0.0000000000000000e+00
2 16  0.0000000000000000e+00
2 17  0.0000000000000000e+00
2 18  0.0000000000000000e+00
3 1  0.0000000000000000e+00
3 2  0.0000000000000000e+00
3 3  4.7115496303535608e+01
3 4  0.0000000000000000e+00
3 5  -2.2812036027709699e+01
3 6  0.0000000000000000e+00
3 7  0.0000000000000000e+00
3 8  1.8642661158213322e+01
3 9  2.2961178326649936e+01
3 10  -1.5283810234079098e-07
3 11  -1.1853445228024668e+01
3 12  -1.8642661012036445e+01
3 13  0.0000000000000000e+00
3 14  0.0000000000000000e+00
3 15  7.4548695004744179e+00
3 16  0.0000000000000000e+00
3 17  -4.1002908140616956e+00
3 18  0.0000000000000000e+00
4 1  0.0000000000000000e+00
4 2  0.0000000000000000e+00
4 3  0.0000000000000000e+00
4 4  1.0000000000000000e+00
4 5  0.0000000000000000e+00
4 6  0.0000000000000000e+00
4 7  0.0000000000000000e+00
4 8  0.0000000000000000e+00
4 9  0.0000000000000000e+00
4 10  0.0000000000000000e+00
4 11  0.0000000000000000e+00
4 12  0.0000000000000000e+00
4 13  0.0000000000000000e+00
4 14  0.0000000000000000e+00
4 15  0.0000000000000000e+00
4 16  0.0000000000000000e+00
4 17  0.0000000000000000e+00
4 18  0.0000000000000000e+00
5 1  0.0000000000000000e+00
5 2  0.0000000000000000e+00
5 3  -2.2812036027709699e+01
5 4  0.0000000000000000e+00
5 5  4.7413781232555756e+01
5 6  0.0000000000000000e+00
5 7  0.0000000000000000e+00
5 8  9.3213306533479070e+00
5 9  -1.1853445269087393e+01
5 10  1.8642661310283899e+01
5 11  2.2812035912287023e+01
5 12  2.6867039615998237e+01
5 13  0.0000000000000000e+00
5 14  0.0000000000000000e+00
5 15  -4.1002908414368431e+00
5 16  0.0000000000000000e+00
5 17  7.3057270694107865e+00
5 18  0.0000000000000000e+00
6 1  0.0000000000000000e+00
6 2  0.0000000000000000e+00
6 3  0.0000000000000000e+00
6 4  0.0000000000000000e+00
6 5  0.0000000000000000e+00
6 6  1.0000000000000000e+00
6 7  0.0000000000000000e+00
6 8  0.0000000000000000e+00
6 9  0.0000000000000000e+00
6 10  0.0000000000000000e+00
6 11  0.0000000000000000e+00
6 12  0.0000000000000000e+00
6 13  0.0000000000000000e+00
6 14  0.0000000000000000e+00
6 15  0.0000000000000000e+00
6 16  0.0000000000000000e+00
6 17  0.0000000000000000e+00
6 18  0.0000000000000000e+00
7 1  0.0000000000000000e+00
7 2  0.0000000000000000e+00
7 3  0.0000000000000000e+00
7 4  0.0000000000000000e+00
7 5  0.0000000000000000e+00
7 6  0.0000000000000000e+00
7 7  1.0000000000000000e+00
7 8  0.0000000000000000e+00
7 9  0.0000000000000000e+00
7 10  0.0000000000000000e+00
7 11  0.0000000000000000e+00
7 12  0.0000000000000000e+00
7 13  0.0000000000000000e+00
7 14  0.0000000000000000e+00
7 15  0.0000000000000000e+00
7 16  0.0000000000000000e+00
7 17  0.0000000000000000e+00
7 18  0.0000000000000000e+00
8 1  0.0000000000000000e+00
8 2  0.0000000000000000e+00
8 3  1.8642661158213322e+01
8 4  0.0000000000000000e+00
8 5  9.3213306533479052e+00
8 6  0.0000000000000000e+00
8 7  0.0000000000000000e+00
8 8  4.5369164844585555e+01
8 9  -6.0088661824053702e-09
8 10  2.2088012698253330e+01
8 11  9.7069459095711075e-08
8 12  7.1638143247379586e+00
8 13  0.0000000000000000e+00
8 14  0.0000000000000000e+00
8 15  -1.8642661164474870e+01
8 16  0.0000000000000000e+00
8 17  -9.3213305067691206e+00
8 18  0.0000000000000000e+00
9 1  0.0000000000000000e+00
9 2  0.0000000000000000e+00
9 3  2.2961178326649936e+01
9 4  0.0000000000000000e+00
9 5  -1.1853445269087397e+01
9 6  0.0000000000000000e+00
9 7  0.0000000000000000e+00
9 8  -6.0088653081047383e-09
9 9  3.1609187174157178e+01
9 10  -2.0753672447249016e-07
9 11  -1.5058881431802449e+01
9 12  1.9798028194628614e-07
9 13  0.0000000000000000e+00
9 14  0.0000000000000000e+00
9 15  2.2961178123934296e+01
9 16  0.0000000000000000e+00
9 17  -1.1853445111240848e+01
9 18  0.0000000000000000e+00
10 1  0.0000000000000000e+00
10 2  0.0000000000000000e+00
10 3  -1.5283810146649035e-07
10 4  0.0000000000000000e+00
10 5  1.8642661310283891e+01
10 6  0.0000000000000000e+00
10 7  0.0000000000000000e+00
10 8  2.2088012698253326e+01
10 9  -2.0753672491657937e-07
10 10  3.0444966471211348e+01
10 11  1.9831064501651952e-07
10 12  2.2088012698347434e+01
10 13  0.0000000000000000e+00
10 14  0.0000000000000000e+00
10 15  -1.5487850468787201e-07
10 16  0.0000000000000000e+00
10 17  -1.8642661010046123e+01
10 18  0.0000000000000000e+00
11 1  0.0000000000000000e+00
11 2  0.0000000000000000e+00
11 3  -1.1853445228024666e+01
11 4  0.0000000000000000e+00
11 5  2.2812035912287026e+01
11 6  0.0000000000000000e+00
11 7  0.0000000000000000e+00
11 8  9.7069460192056312e-08
11 9  -1.5058881431802448e+01
11 10  1.9831064368425189e-07
11 11  3.1907472036032409e+01
11 12  -3.2516069481403065e-07
11 13  0.0000000000000000e+00
11 14  0.0000000000000000e+00
11 15  -1.1853445152303570e+01
11 16  0.0000000000000000e+00
11 17  2.2812035676181935e+01
11 18  0.0000000000000000e+00
12 1  0.0000000000000000e+00
12 2  0.0000000000000000e+00
12 3  -1.8642661012036445e+01
12 4  0.0000000000000000e+00
12 5  2.6867039615998237e+01
12 6  0.0000000000000000e+00
12 7  0.0000000000000000e+00
12 8  7.1638143247379586e+00
12 9  1.9798028194628614e-07
12 10  2.2088012698347434e+01
12 11  -3.2516069392585223e-07
12 12  4.5369164849888904e+01
12 13  0.0000000000000000e+00
12 14  0.0000000000000000e+00
12 15  1.8642661311786853e+01
12 16  0.0000000000000000e+00
12 17  -2.6867040047706517e+01
12 18  0.0000000000000000e+00
13 1  0.0000000000000000e+00
13 2  0.0000000000000000e+00
13 3  0.0000000000000000e+00
13 4  0.0000000000000000e+00
13 5  0.0000000000000000e+00
13 6  0.0000000000000000e+00
13 7  0.0000000000000000e+00
13 8  0.0000000000000000e+00
13 9  0.0000000000000000e+00
13 10  0.0000000000000000e+00
13 11  0.0000000000000000e+00
13 12  0.0000000000000000e+00
13 13  1.0000000000000000e+00
13 14  0.0000000000000000e+00
13 15  0.0000000000000000e+00
13 16  0.0000000000000000e+00
13 17  0.0000000000000000e+00
13 18  0.0000000000000000e+00
14 1  0.0000000000000000e+00
14 2  0.0000000000000000e+00
14 3  0.0000000000000000e+00
14 4  0.0000000000000000e+00
14 5  0.0000000000000000e+00
14 6  0.0000000000000000e+00
14 7  0.0000000000000000e+00
14 8  0.0000000000000000e+00
14 9  0.0000000000000000e+00
14 10  0.0000000000000000e+00
14 11  0.0000000000000000e+00
14 12  0.0000000000000000e+00
14 13  0.0000000000000000e+00
14 14  1.0000000000000000e+00
14 15  0.0000000000000000e+00
14 16  0.0000000000000000e+00
14 17  0.0000000000000000e+00
14 18  0.0000000000000000e+00
15 1  0.0000000000000000e+00
15 2  0.0000000000000000e+00
15 3  7.4548695004744179e+00
15 4  0.0000000000000000e+00
15 5  -4.1002908414368440e+00
15 6  0.0000000000000000e+00
15 7  0.0000000000000000e+00
15 8  -1.8642661164474866e+01
15 9  2.2961178123934296e+01
15 10  -1.5487850468787201e-07
15 11  -1.1853445152303571e+01
15 12  1.8642661311786853e+01
15 13  0.0000000000000000e+00
15 14  0.0000000000000000e+00
15 15  4.7115495492673034e+01
15 16  0.0000000000000000e+00
15 17  -2.2812035560574405e+01
